SimpleModel
Test Accuracy: 0.941428542137146
Accuracy: 0.12571428571428572
Precision: 0.12574354333101534
Recall: 0.12571428571428572
F1-Score: 0.12563793839096687

Mobile-net
Test Accuracy: 0.9319999814033508
Accuracy: 0.12471428571428571
Precision: 0.12443954443470748
Recall: 0.12471428571428571
F1-Score: 0.12454193451386635

Inception:
Test Accuracy: 0.9484285712242126
Accuracy: 0.13114285714285714
Precision: 0.1312187688110242
Recall: 0.13114285714285714
F1-Score: 0.13113814074273158